tensor(90.3846)[[0.87234043 0.02431611 0.01215805 0.02431611 0.00303951 0.0212766
  0.04255319]
 [0.14864865 0.64864865 0.         0.05405405 0.08108108 0.04054054
  0.02702703]
 [0.01875    0.0125     0.7375     0.03125    0.10625    0.0375
  0.05625   ]
 [0.00675105 0.         0.00675105 0.95949367 0.00253165 0.00168776
  0.02278481]
 [0.0041841  0.00209205 0.00627615 0.0209205  0.91213389 0.0041841
  0.05020921]
 [0.01234568 0.01234568 0.0617284  0.0308642  0.00617284 0.84567901
  0.0308642 ]
 [0.01470588 0.         0.01764706 0.02058824 0.05       0.
  0.89705882]]
